[10, (4, 9, 2), 0.1, 0.05]~41.475
[10, (4, 9, 2), 0.1, 0.1]~29.3
[10, (4, 9, 2), 0.1, 0.25]~12.425
[10, (4, 9, 2), 0.15, 0.05]~28.4
[10, (4, 9, 2), 0.15, 0.1]~62.375
[10, (4, 9, 2), 0.15, 0.25]~8.2
[10, (4, 9, 2), 0.3, 0.05]~84.725
[10, (4, 9, 2), 0.3, 0.1]~34.375
[10, (4, 9, 2), 0.3, 0.25]~5.8
[10, (4, 5, 5, 2), 0.1, 0.05]~3.8
[10, (4, 5, 5, 2), 0.1, 0.1]~3.6
[10, (4, 5, 5, 2), 0.1, 0.25]~4.575
[10, (4, 5, 5, 2), 0.15, 0.05]~3.5
[10, (4, 5, 5, 2), 0.15, 0.1]~4.4
[10, (4, 5, 5, 2), 0.15, 0.25]~2.9
[10, (4, 5, 5, 2), 0.3, 0.05]~35.625
[10, (4, 5, 5, 2), 0.3, 0.1]~3.0
[10, (4, 5, 5, 2), 0.3, 0.25]~1.2
[10, (4, 4, 4, 4, 2), 0.1, 0.05]~6.8
