[10, (4, 9, 2), 0.1, 0.05]
[10, (4, 9, 2), 0.1, 0.1]
[10, (4, 9, 2), 0.1, 0.25]
[10, (4, 9, 2), 0.15, 0.05]
[10, (4, 9, 2), 0.15, 0.1]
[10, (4, 9, 2), 0.15, 0.25]
[10, (4, 9, 2), 0.3, 0.05]
[10, (4, 9, 2), 0.3, 0.1]
[10, (4, 9, 2), 0.3, 0.25]
[10, (4, 5, 5, 2), 0.1, 0.05]
[10, (4, 5, 5, 2), 0.1, 0.1]
[10, (4, 5, 5, 2), 0.1, 0.25]
[10, (4, 5, 5, 2), 0.15, 0.05]
[10, (4, 5, 5, 2), 0.15, 0.1]
[10, (4, 5, 5, 2), 0.15, 0.25]
[10, (4, 5, 5, 2), 0.3, 0.05]
[10, (4, 5, 5, 2), 0.3, 0.1]
[10, (4, 5, 5, 2), 0.3, 0.25]
[10, (4, 4, 4, 4, 2), 0.1, 0.05]
[10, (4, 4, 4, 4, 2), 0.1, 0.1]
[10, (4, 4, 4, 4, 2), 0.1, 0.25]
[10, (4, 4, 4, 4, 2), 0.15, 0.05]
[10, (4, 4, 4, 4, 2), 0.15, 0.1]
[10, (4, 4, 4, 4, 2), 0.15, 0.25]
[10, (4, 4, 4, 4, 2), 0.3, 0.05]
[10, (4, 4, 4, 4, 2), 0.3, 0.1]
[10, (4, 4, 4, 4, 2), 0.3, 0.25]
[25, (4, 9, 2), 0.1, 0.05]
[25, (4, 9, 2), 0.1, 0.1]
[25, (4, 9, 2), 0.1, 0.25]
[25, (4, 9, 2), 0.15, 0.05]
[25, (4, 9, 2), 0.15, 0.1]
[25, (4, 9, 2), 0.15, 0.25]
[25, (4, 9, 2), 0.3, 0.05]
[25, (4, 9, 2), 0.3, 0.1]
[25, (4, 9, 2), 0.3, 0.25]
[25, (4, 5, 5, 2), 0.1, 0.05]
[25, (4, 5, 5, 2), 0.1, 0.1]
[25, (4, 5, 5, 2), 0.1, 0.25]
[25, (4, 5, 5, 2), 0.15, 0.05]
[25, (4, 5, 5, 2), 0.15, 0.1]
[25, (4, 5, 5, 2), 0.15, 0.25]
[25, (4, 5, 5, 2), 0.3, 0.05]
[25, (4, 5, 5, 2), 0.3, 0.1]
[25, (4, 5, 5, 2), 0.3, 0.25]
[25, (4, 4, 4, 4, 2), 0.1, 0.05]
[25, (4, 4, 4, 4, 2), 0.1, 0.1]
[25, (4, 4, 4, 4, 2), 0.1, 0.25]
[25, (4, 4, 4, 4, 2), 0.15, 0.05]
[25, (4, 4, 4, 4, 2), 0.15, 0.1]
[25, (4, 4, 4, 4, 2), 0.15, 0.25]
[25, (4, 4, 4, 4, 2), 0.3, 0.05]
[25, (4, 4, 4, 4, 2), 0.3, 0.1]
[25, (4, 4, 4, 4, 2), 0.3, 0.25]
[50, (4, 9, 2), 0.1, 0.05]
[50, (4, 9, 2), 0.1, 0.1]
[50, (4, 9, 2), 0.1, 0.25]
[50, (4, 9, 2), 0.15, 0.05]
[50, (4, 9, 2), 0.15, 0.1]
[50, (4, 9, 2), 0.15, 0.25]
[50, (4, 9, 2), 0.3, 0.05]
[50, (4, 9, 2), 0.3, 0.1]
[50, (4, 9, 2), 0.3, 0.25]
[50, (4, 5, 5, 2), 0.1, 0.05]
[50, (4, 5, 5, 2), 0.1, 0.1]
[50, (4, 5, 5, 2), 0.1, 0.25]
[50, (4, 5, 5, 2), 0.15, 0.05]
[50, (4, 5, 5, 2), 0.15, 0.1]
[50, (4, 5, 5, 2), 0.15, 0.25]
[50, (4, 5, 5, 2), 0.3, 0.05]
[50, (4, 5, 5, 2), 0.3, 0.1]
[50, (4, 5, 5, 2), 0.3, 0.25]
[50, (4, 4, 4, 4, 2), 0.1, 0.05]
[50, (4, 4, 4, 4, 2), 0.1, 0.1]
[50, (4, 4, 4, 4, 2), 0.1, 0.25]
[50, (4, 4, 4, 4, 2), 0.15, 0.05]
[50, (4, 4, 4, 4, 2), 0.15, 0.1]
[50, (4, 4, 4, 4, 2), 0.15, 0.25]
[50, (4, 4, 4, 4, 2), 0.3, 0.05]
[50, (4, 4, 4, 4, 2), 0.3, 0.1]
[50, (4, 4, 4, 4, 2), 0.3, 0.25]
